AO,MQ-4,Nano,Diff,|Diff|
0.104274,565,180,385,385
0.103297,547,181,366,366
0.104274,565,181,384,384
0.103297,547,180,367,367
0.104029,561,176,385,385
0.103785,556,167,389,389
0.103297,547,176,371,371
0.103785,556,184,372,372
0.103297,547,200,347,347
0.103785,556,200,356,356
0.102564,534,195,339,339
0.103297,547,179,368,368
0.103053,543,172,371,371
0.103785,556,172,384,384
0.102808,539,170,369,369
0.103053,543,165,378,378
0.103541,552,173,379,379
0.104029,561,175,386,386
0.102808,539,178,361,361
0.103297,547,175,372,372
0.102808,539,173,366,366
0.103297,547,180,367,367
0.103541,552,177,375,375
0.103053,543,188,355,355
0.103297,547,170,377,377
0.103053,543,172,371,371
0.103297,547,173,374,374
0.10232,530,177,353,353
0.103541,552,172,380,380
0.101832,521,166,355,355
0.104762,574,168,406,406
0.103297,547,181,366,366
0.104274,565,178,387,387
0.104029,561,182,379,379
0.103297,547,185,362,362
<<<<<<< Updated upstream
=======
0.215385,8031,179,7852,7852
0.203907,6452,167,6285,6285
0.205617,6669,4333,2336,2336
0.204396,6513,5457,1056,1056
0.206593,6796,6568,228,228
0.204396,6513,6830,-317,317
0.202686,6300,7056,-756,756
>>>>>>> Stashed changes
0.202442,6270,7066,-796,796
0.200488,6035,6990,-955,955
0.200488,6035,6853,-818,818
0.197314,5669,6770,-1101,1101
0.198291,5779,6608,-829,829
0.196337,5560,6520,-960,960
0.196337,5560,6388,-828,828
0.193162,5217,6311,-1094,1094
0.194139,5321,6160,-839,839
0.190232,4917,6098,-1181,1181
0.189744,4868,5956,-1088,1088
0.189499,4844,5843,-999,999
0.189255,4820,5785,-965,965
0.187546,4654,5661,-1007,1007
0.186813,4584,5616,-1032,1032
0.186325,4538,5515,-977,977
0.184371,4358,5454,-1096,1096
0.185592,4470,5343,-873,873
0.181685,4120,5281,-1161,1161
0.18315,4249,5181,-932,932
0.180708,4037,5133,-1096,1096
0.18022,3995,5025,-1030,1030
0.179487,3934,4944,-1010,1010
0.178266,3833,4900,-1067,1067
0.178266,3833,4813,-980,980
0.177778,3793,4771,-978,978
0.176801,3715,4668,-953,953
0.17558,3619,4627,-1008,1008
0.176068,3657,4547,-890,890
0.173626,3469,4498,-1029,1029
0.17265,3396,4398,-1002,1002
0.171429,3307,4367,-1060,1060
0.171673,3325,4282,-957,957
0.171184,3289,4191,-902,902
0.169963,3202,4160,-958,958
0.170452,3237,4098,-861,861
0.169231,3151,4047,-896,896
0.168987,3134,3974,-840,840
0.167033,3000,3946,-946,946
0.168742,3117,3865,-748,748
0.165568,2904,3840,-936,936
0.165324,2888,3777,-889,889
0.165812,2920,3696,-776,776
0.164835,2856,3673,-817,817
0.164347,2825,3612,-787,787
0.163614,2778,3588,-810,810
0.163614,2778,3517,-739,739
0.161416,2643,3488,-845,845
0.162393,2702,3433,-731,731
0.161416,2643,3413,-770,770
0.162882,2733,3345,-612,612
0.160195,2570,3328,-758,758
0.159707,2541,3276,-735,735
0.15873,2484,3221,-737,737
0.158242,2456,3201,-745,745
0.15873,2484,3164,-680,680
0.157265,2401,3141,-740,740
0.158974,2498,3095,-597,597
0.156532,2360,3061,-701,701
0.157509,2414,3021,-607,607
0.156532,2360,2996,-636,636
0.154823,2267,2954,-687,687
0.154579,2254,2945,-691,691
0.154335,2241,2889,-648,648
0.153602,2202,2840,-638,638
0.152625,2152,2811,-659,659
0.152137,2127,2749,-622,622
0.152381,2139,2725,-586,586
0.152381,2139,2686,-547,547
0.152137,2127,2666,-539,539
0.152381,2139,2616,-477,477
0.150672,2053,2598,-545,545
0.149206,1981,2580,-599,599
0.150183,2029,2542,-513,513
0.148718,1958,2531,-573,573
0.149695,2005,2504,-499,499
0.149206,1981,2494,-513,513
0.149939,2017,2445,-428,428
0.148718,1958,2437,-479,479
0.14823,1935,2411,-476,476
0.147009,1878,2401,-523,523
0.147985,1923,2378,-455,455
0.146764,1866,2366,-500,500
0.146276,1844,2331,-487,487
0.147009,1878,2315,-437,437
0.145299,1800,2303,-503,503
0.145299,1800,2279,-479,479
0.145055,1789,2257,-468,468
0.145788,1822,2214,-392,392
0.144078,1746,2207,-461,461
0.145299,1800,2189,-389,389
0.14359,1725,2178,-453,453
0.144811,1778,2141,-363,363
0.142857,1694,2124,-430,430
0.143834,1736,2109,-373,373
0.142125,1663,2074,-411,411
0.142369,1673,2066,-393,393
0.14188,1652,2047,-395,395
0.141392,1632,2038,-406,406
0.141392,1632,2012,-380,380
0.140904,1612,2001,-389,389
0.142369,1673,1985,-312,312
0.140415,1592,1974,-382,382
0.140171,1582,1943,-361,361
0.139194,1543,1908,-365,365
0.139438,1553,1901,-348,348
0.139194,1543,1883,-340,340
0.137973,1495,1867,-372,372
0.139927,1572,1841,-269,269
0.137973,1495,1830,-335,335
0.138462,1514,1801,-287,287
0.137485,1477,0,1477,1477
0.138462,1514,1747,-233,233
0.135287,1394,1734,-340,340
0.13602,1421,1703,-282,282
0.135531,1403,0,1403,1403
0.13602,1421,0,1421,1421
0.13431,1359,0,1359,1359
0.135043,1385,0,1385,1385
0.134554,1368,0,1368,1368
0.134554,1368,0,1368,1368
0.133822,1341,1443,-102,102
0.13431,1359,0,1359,1359
0.134066,1350,0,1350,1350
0.133333,1324,1341,-17,17
0.132357,1290,0,1290,1290
0.129182,1184,1291,-107,107
0.130891,1240,1269,-29,29
0.132601,1299,0,1299,1299
0.130403,1224,0,1224,1224
0.131136,1249,1188,61,61
0.129915,1208,0,1208,1208
0.131868,1273,0,1273,1273
0.130159,1216,0,1216,1216
0.130159,1216,0,1216,1216
0.12967,1200,0,1200,1200
0.129182,1184,0,1184,1184
0.128449,1161,0,1161,1161
0.128449,1161,0,1161,1161
0.128694,1169,0,1169,1169
0.127228,1122,0,1122,1122
0.127228,1122,0,1122,1122
0.126984,1115,0,1115,1115
0.127473,1130,0,1130,1130
0.125763,1078,0,1078,1078
0.126496,1100,0,1100,1100
0.124786,1049,0,1049,1049
0.125763,1078,0,1078,1078
0.125275,1063,0,1063,1063
0.125275,1063,0,1063,1063
0.125275,1063,0,1063,1063
0.124786,1049,0,1049,1049
0.125031,1056,0,1056,1056
0.122833,993,0,993,993
0.125031,1056,0,1056,1056
0.122833,993,0,993,993
0.122833,993,0,993,993
0.122344,979,491,488,488
0.12381,1020,483,537,537
0.121856,965,482,483,483
0.121856,965,474,491,491
0.122589,986,462,524,524
0.121368,952,448,504,504
0.124786,1049,443,606,606
0.120879,939,434,505,505
0.1221,972,423,549,549
0.120879,939,405,534,534
0.120147,919,393,526,526
0.119902,913,382,531,531
0.120391,926,372,554,554
0.119414,900,371,529,529
0.119658,906,352,554,554
0.119902,913,349,564,564
0.119658,906,342,564,564
0.119414,900,332,568,568
0.119414,900,328,572,572
0.118193,868,316,552,552
0.118193,868,304,564,564
0.117705,856,305,551,551
0.117949,862,296,566,566
0.116484,826,284,542,542
0.11746,850,270,580,580
0.11453,779,267,512,512
0.117949,862,252,610,610
0.115507,802,241,561,561
0.116972,838,221,617,617
0.115507,802,221,581,581
0.115507,802,209,593,593
0.115507,802,207,595,595
0.115507,802,200,602,602
0.115507,802,188,614,614
0.114286,773,184,589,589
0.115751,808,164,644,644
0.11453,779,166,613,613
0.115507,802,168,634,634
0.114286,773,160,613,613
0.115018,790,153,637,637
0.113553,756,149,607,607
0.114286,773,0,773,773
0.112576,734,0,734,734
0.114042,767,0,767,767
0.112576,734,0,734,734
0.112821,740,0,740,740
0.113553,756,0,756,756
0.1116,712,0,712,712
0.113553,756,0,756,756
0.112088,723,0,723,723
0.112576,734,0,734,734
0.112088,723,0,723,723
0.111355,707,0,707,707
0.111844,718,0,718,718
0.112332,729,0,729,729
0.1116,712,0,712,712
0.111355,707,0,707,707
0.112576,734,0,734,734
0.111355,707,0,707,707
0.111355,707,0,707,707
0.111355,707,0,707,707
0.111111,702,0,702,702
0.110623,691,0,691,691
0.111111,702,0,702,702
0.10989,676,0,676,676
0.110379,686,0,686,686
0.110867,697,0,697,697
0.109158,660,0,660,660
0.110867,697,0,697,697
0.110134,681,0,681,681
0.110623,691,0,691,691
0.109646,671,0,671,671
0.110867,697,0,697,697
0.109158,660,0,660,660
0.108913,655,0,655,655
0.109646,671,0,671,671
0.109158,660,0,660,660
0.108425,645,0,645,645
0.108425,645,0,645,645
0.109402,666,0,666,666
0.108913,655,0,655,655
0.109402,666,0,666,666
0.108181,640,0,640,640
0.108913,655,0,655,655
0.109158,660,0,660,660
0.107937,636,0,636,636
0.107937,636,0,636,636
0.108181,640,0,640,640
0.10696,616,0,616,616
0.107692,631,0,631,631
0.108181,640,0,640,640
0.10696,616,0,616,616
0.108425,645,0,645,645
0.106716,611,0,611,611
0.106471,607,0,607,607
0.10696,616,0,616,616
0.106471,607,0,607,607
0.105983,597,0,597,597
0.107204,621,0,621,621
0.10696,616,0,616,616
0.105739,593,0,593,593
0.107692,631,0,631,631
0.106471,607,0,607,607
0.107204,621,0,621,621
0.106471,607,0,607,607
0.105739,593,0,593,593
0.106471,607,0,607,607
0.105983,597,0,597,597
0.10525,583,0,583,583
0.106227,602,0,602,602
0.104762,574,0,574,574
0.105495,588,0,588,588
0.10525,583,0,583,583
0.104029,561,0,561,561
0.199023,5864,0,5864,5864
0.198291,5779,0,5779,5779
<<<<<<< Updated upstream
=======
0.199023,5864,3729,2135,2135
0.199023,5864,5362,502,502
0.198779,5835,5737,98,98
0.26105,18002,6172,11830,11830
0.239072,12343,6280,6063,6063
0.240049,12557,9802,2755,2755
>>>>>>> Stashed changes
0.23956,12450,10370,2080,2080
0.241026,12774,11308,1466,1466
0.239072,12343,11598,745,745
0.238828,12291,11969,322,322
0.237607,12029,12056,-27,27
0.234921,11470,12087,-617,617
0.234676,11420,11989,-569,569
0.23199,10885,11917,-1032,1032
0.231258,10743,11733,-990,990
0.230037,10510,11641,-1131,1131
0.229304,10372,11430,-1058,1058
0.22735,10012,11300,-1288,1288
0.22735,10012,11086,-1074,1074
0.225153,9620,10967,-1347,1347
0.223199,9282,10729,-1447,1447
0.222466,9158,10518,-1360,1360
0.211722,7495,10408,-2913,2913
0.220269,8795,10208,-1413,1413
0.218315,8482,10099,-1617,1617
0.219048,8598,9902,-1304,1304
0.215873,8105,9790,-1685,1685
0.21685,8254,9606,-1352,1352
0.212698,7635,9524,-1889,1889
0.215629,8068,9335,-1267,1267
0.211233,7426,9243,-1817,1817
0.210989,7392,9070,-1678,1678
0.208791,7088,8894,-1806,1806
0.209768,7222,8813,-1591,1591
0.20757,6925,8647,-1722,1722
0.207326,6892,8562,-1670,1670
0.206105,6732,8398,-1666,1666
0.204396,6513,8318,-1805,1805
0.20464,6544,8148,-1604,1604
0.203419,6391,8066,-1675,1675
0.202198,6241,7886,-1645,1645
0.199512,5920,7807,-1887,1887
0.198779,5835,7648,-1813,1813
0.198291,5779,7488,-1709,1709
0.19707,5641,7406,-1765,1765
0.196337,5560,7270,-1710,1710
0.194628,5373,7195,-1822,1822
0.195849,5506,7026,-1520,1520
0.192674,5166,6967,-1801,1801
0.194139,5321,6826,-1505,1505
0.191209,5015,6749,-1734,1734
0.190965,4991,6627,-1636,1636
0.189744,4868,6503,-1635,1635
0.189744,4868,6432,-1564,1564
0.187546,4654,6294,-1640,1640
0.187057,4607,6236,-1629,1629
0.186325,4538,6116,-1578,1578
0.186325,4538,6055,-1517,1517
0.186081,4516,5947,-1431,1431
0.184371,4358,5891,-1533,1533
0.184615,4381,5781,-1400,1400
0.182418,4184,5722,-1538,1538
0.181685,4120,5604,-1484,1484
0.180952,4057,5475,-1418,1418
0.178999,3893,5437,-1544,1544
0.179731,3954,5344,-1390,1390
0.178266,3833,5307,-1474,1474
0.179487,3934,5208,-1274,1274
0.178022,3813,5160,-1347,1347
0.179731,3954,5066,-1112,1112
0.175824,3638,5029,-1391,1391
0.176801,3715,4936,-1221,1221
0.175092,3581,4890,-1309,1309
0.17558,3619,4809,-1190,1190
0.174115,3506,4750,-1244,1244
0.173871,3488,4724,-1236,1236
0.17265,3396,4661,-1265,1265
0.172161,3360,4611,-1251,1251
0.17265,3396,4523,-1127,1127
0.171429,3307,4496,-1189,1189
0.171673,3325,4425,-1100,1100
0.170208,3219,4374,-1155,1155
0.169475,3168,4314,-1146,1146
0.168987,3134,4251,-1117,1117
0.168254,3083,4209,-1126,1126
0.167033,3000,4136,-1136,1136
0.167277,3017,4102,-1085,1085
0.166789,2984,4004,-1020,1020
0.166056,2936,3961,-1025,1025
0.165324,2888,3884,-996,996
0.165079,2872,3845,-973,973
0.164835,2856,3782,-926,926
0.164347,2825,3749,-924,924
0.162637,2717,3677,-960,960
0.161416,2643,3613,-970,970
0.161661,2657,3583,-926,926
0.160195,2570,3509,-939,939
0.160928,2613,3478,-865,865
0.160684,2599,3445,-846,846
0.159707,2541,3415,-874,874
0.160195,2570,3357,-787,787
0.158974,2498,3323,-825,825
0.158486,2470,3280,-810,810
0.157753,2428,3246,-818,818
0.156532,2360,3173,-813,813
0.156532,2360,3138,-778,778
0.156532,2360,3107,-747,747
0.156288,2346,3064,-718,718
0.156288,2346,3044,-698,698
0.1558,2320,2989,-669,669
0.153846,2215,2963,-748,748
0.1558,2320,2925,-605,605
0.153846,2215,2906,-691,691
0.152869,2164,2855,-691,691
0.152625,2152,2798,-646,646
0.152137,2127,2777,-650,650
0.151648,2102,2738,-636,636
0.151648,2102,2718,-616,616
0.151893,2114,2667,-553,553
0.149939,2017,2649,-632,632
0.151648,2102,2613,-511,511
0.148474,1946,2586,-640,640
0.151404,2090,2555,-465,465
0.14823,1935,2532,-597,597
0.14823,1935,2481,-546,546
0.147985,1923,2436,-513,513
0.14823,1935,2414,-479,479
0.147009,1878,2369,-491,491
0.147009,1878,2346,-468,468
0.147253,1889,2320,-431,431
0.146764,1866,2299,-433,433
0.147741,1912,2267,-355,355
0.145788,1822,2246,-424,424
0.145299,1800,2204,-404,404
0.144811,1778,2189,-411,411
0.143834,1736,2147,-411,411
0.143834,1736,2106,-370,370
0.142857,1694,2089,-395,395
0.14359,1725,2066,-341,341
0.142369,1673,2044,-371,371
0.14359,1725,2003,-278,278
0.14188,1652,1996,-344,344
0.142369,1673,1966,-293,293
0.140659,1602,1945,-343,343
0.140415,1592,1909,-317,317
0.140659,1602,1890,-288,288
0.139927,1572,1880,-308,308
0.139194,1543,1843,-300,300
0.139927,1572,1835,-263,263
0.140415,1592,1809,-217,217
0.139438,1553,1789,-236,236
0.139927,1572,1760,-188,188
0.137973,1495,1747,-252,252
0.140659,1602,1719,-117,117
0.136996,1458,1719,-261,261
0.137729,1486,1703,-217,217
0.137241,1467,1657,-190,190
0.136996,1458,1647,-189,189
0.136996,1458,1630,-172,172
0.136508,1440,1621,-181,181
0.136264,1430,1606,-176,176
0.135287,1394,1584,-190,190
0.136752,1449,1554,-105,105
0.134066,1350,1542,-192,192
0.135775,1412,1529,-117,117
0.134554,1368,1511,-143,143
0.134066,1350,1489,-139,139
0.133822,1341,1454,-113,113
0.132601,1299,1444,-145,145
0.133578,1333,1412,-79,79
0.132601,1299,1402,-103,103
0.133578,1333,1390,-57,57
0.132601,1299,1391,-92,92
0.132601,1299,1361,-62,62
0.131624,1265,1340,-75,75
0.13138,1257,1319,-62,62
0.131136,1249,1295,-46,46
0.130159,1216,1297,-81,81
0.130891,1240,1277,-37,37
0.129915,1208,1254,-46,46
0.130647,1232,1233,-1,1
0.127473,1130,1215,-85,85
0.129915,1208,1197,11,11
0.128205,1153,1192,-39,39
0.12967,1200,1169,31,31
0.128205,1153,1154,-1,1
0.127228,1122,1131,-9,9
0.127717,1138,1112,26,26
0.127473,1130,1106,24,24
0.127228,1122,1102,20,20
0.126252,1093,1086,7,7
0.12674,1107,1076,31,31
0.12674,1107,1062,45,45
0.12674,1107,1032,75,75
0.125519,1071,1018,53,53
0.126252,1093,1002,91,91
0.125031,1056,987,69,69
0.125031,1056,977,79,79
0.124054,1027,965,62,62
0.124054,1027,947,80,80
0.123565,1013,939,74,74
0.123321,1006,940,66,66
0.122344,979,914,65,65
0.123565,1013,893,120,120
0.122833,993,887,106,106
0.123321,1006,886,120,120
0.122833,993,0,993,993
0.1221,972,830,142,142
0.122344,979,0,979,979
0.122344,979,802,177,177
0.121856,965,787,178,178
0.121856,965,754,211,211
0.121856,965,743,222,222
0.121368,952,748,204,204
0.120879,939,749,190,190
0.122344,979,738,241,241
0.120879,939,737,202,202
0.120879,939,723,216,216
0.119902,913,711,202,202
0.118681,881,708,173,173
0.119658,906,0,906,906
0.119658,906,0,906,906
0.120391,926,0,926,926
0.118926,887,626,261,261
0.119902,913,622,291,291
0.118437,875,620,255,255
0.118926,887,0,887,887
0.118437,875,0,875,875
0.117949,862,0,862,862
0.117705,856,0,856,856
0.11746,850,0,850,850
0.117949,862,478,384,384
0.116728,832,478,354,354
0.118193,868,466,402,402
0.116728,832,462,370,370
0.11746,850,443,407,407
0.11917,893,446,447,447
0.117216,844,433,411,411
0.116484,826,433,393,393
0.116484,826,425,401,401
0.115018,790,402,388,388
0.115507,802,400,402,402
0.115018,790,403,387,387
0.114774,785,397,388,388
0.115751,808,405,403,403
0.114774,785,394,391,391
0.115018,790,366,424,424
0.114286,773,368,405,405
0.114286,773,364,409,409
0.11453,779,347,432,432
0.113553,756,331,425,425
0.114286,773,326,447,447
0.113065,745,323,422,422
0.114042,767,321,446,446
0.113553,756,309,447,447
0.113553,756,303,453,453
0.112088,723,298,425,425
0.11453,779,284,495,495
0.112088,723,289,434,434
0.1116,712,280,432,432
0.112088,723,263,460,460
0.111355,707,264,443,443
0.1116,712,268,444,444
0.111111,702,264,438,438
0.112088,723,250,473,473
0.110379,686,251,435,435
0.113065,745,242,503,503
0.110623,691,241,450,450
0.111111,702,218,484,484
0.110623,691,216,475,475
0.10989,676,213,463,463
0.110134,681,218,463,463
0.110379,686,209,477,477
0.110134,681,197,484,484
0.109646,671,189,482,482
0.110134,681,167,514,514
0.109402,666,169,497,497
0.110134,681,173,508,508
0.109158,660,171,489,489
0.109158,660,155,505,505
0.108425,645,149,496,496
0.108669,650,134,516,516
0.109158,660,132,528,528
0.108181,640,135,505,505
0.109158,660,127,533,533
0.108669,650,126,524,524
0.109158,660,113,547,547
0.108669,650,112,538,538
0.108181,640,102,538,538
0.107448,626,98,528,528
0.107448,626,88,538,538
0.107692,631,0,631,631
0.106471,607,84,523,523
0.10696,616,74,542,542
0.107204,621,74,547,547
0.107204,621,0,621,621
0.105983,597,0,597,597
0.10696,616,0,616,616
0.105983,597,0,597,597
0.107937,636,0,636,636
0.10696,616,0,616,616
0.105983,597,0,597,597
0.105983,597,0,597,597
0.105739,593,0,593,593
0.106716,611,0,611,611
0.106471,607,0,607,607
0.105495,588,0,588,588
0.105495,588,0,588,588
0.106716,611,0,611,611
0.106471,607,0,607,607
0.106227,602,0,602,602
0.104762,574,0,574,574
0.105006,579,0,579,579
0.105006,579,0,579,579
0.105495,588,0,588,588
0.105495,588,0,588,588
0.105006,579,0,579,579
0.105006,579,0,579,579
0.104518,570,0,570,570
0.105739,593,0,593,593
0.104762,574,0,574,574
0.105006,579,0,579,579
0.104029,561,0,561,561
0.104518,570,0,570,570
0.104518,570,0,570,570
0.103785,556,0,556,556
0.103785,556,0,556,556
0.103541,552,0,552,552
0.104274,565,0,565,565
0.103053,543,0,543,543
0.104518,570,0,570,570
0.103053,543,0,543,543
0.104029,561,0,561,561
0.104274,565,0,565,565
0.103053,543,0,543,543
0.102808,539,0,539,539
0.102564,534,0,534,534
0.103297,547,0,547,547
0.103053,543,0,543,543
0.103297,547,0,547,547
0.101587,517,0,517,517
0.103053,543,0,543,543
0.10232,530,0,530,530
0.103053,543,0,543,543
0.10232,530,0,530,530
0.101832,521,0,521,521
0.102564,534,0,534,534
0.101832,521,0,521,521
0.101832,521,0,521,521
0.101587,517,0,517,517
0.102808,539,0,539,539
0.102564,534,0,534,534
0.10232,530,0,530,530
0.101099,509,0,509,509
0.101832,521,0,521,521
0.101587,517,0,517,517
0.101587,517,0,517,517
0.101832,521,0,521,521
0.100855,505,0,505,505
0.10232,530,0,530,530
0.101343,513,0,513,513
0.101832,521,0,521,521
0.101587,517,0,517,517
0.101587,517,0,517,517
<<<<<<< Updated upstream
0.100366,497,0,497,497
0.100122,492,0,492,492
0.100366,497,0,497,497
=======
AO,MQ-4,Nano,Diff,|Diff|
0.100366,497,0,497,497
0.100122,492,0,492,492
0.100366,497,0,497,497
0.21978,8716,0,8716,8716
0.22442,9492,2830,6662,6662
0.22149,8995,7395,1600,1600
0.22149,8995,8318,677,677
0.222466,9158,9329,-171,171
0.219292,8637,9583,-946,946
0.220757,8875,9786,-911,911
>>>>>>> Stashed changes
0.217338,8329,9798,-1469,1469
0.219048,8598,9733,-1135,1135
0.21514,7994,9685,-1691,1691
0.21514,7994,9560,-1566,1566
0.213431,7741,9387,-1646,1646
0.213187,7706,9300,-1594,1594
0.211722,7495,9150,-1655,1655
0.210501,7323,9089,-1766,1766
0.211233,7426,8943,-1517,1517
0.208059,6990,8866,-1876,1876
0.208791,7088,8746,-1658,1658
0.205861,6701,8675,-1974,1974
0.20757,6925,8529,-1604,1604
0.204396,6513,8456,-1943,1943
0.20464,6544,8318,-1774,1774
0.202442,6270,8172,-1902,1902
0.20293,6330,8098,-1768,1768
0.200733,6064,7941,-1877,1877
0.200244,6006,7866,-1860,1860
0.200488,6035,7721,-1686,1686
0.198535,5807,7667,-1860,1860
0.199267,5892,7542,-1650,1650
0.196337,5560,7463,-1903,1903
0.196337,5560,7350,-1790,1790
0.194872,5399,7287,-1888,1888
0.195116,5426,7170,-1744,1744
0.194139,5321,7077,-1756,1756
0.193895,5295,7022,-1727,1727
0.193651,5269,6887,-1618,1618
0.191209,5015,6840,-1825,1825
0.190965,4991,6745,-1754,1754
0.189988,4892,6682,-1790,1790
0.189744,4868,6567,-1699,1699
0.188523,4748,6509,-1761,1761
0.188034,4701,6401,-1700,1700
0.186325,4538,6291,-1753,1753
0.186813,4584,6250,-1666,1666
0.185836,4493,6148,-1655,1655
0.18486,4403,6101,-1698,1698
0.18486,4403,6003,-1600,1600
0.18315,4249,5957,-1708,1708
0.184127,4336,5854,-1518,1518
0.182418,4184,5810,-1626,1626
0.18315,4249,5749,-1500,1500
0.181441,4099,5705,-1606,1606
0.180708,4037,5622,-1585,1585
0.179731,3954,5552,-1598,1598
0.179976,3975,5525,-1550,1550
0.178755,3873,5473,-1600,1600
0.178999,3893,5441,-1548,1548
0.178999,3893,5365,-1472,1472
0.178022,3813,5330,-1517,1517
0.178022,3813,5260,-1447,1447
0.176801,3715,5229,-1514,1514
0.175824,3638,5155,-1517,1517
0.176068,3657,5126,-1469,1469
0.175092,3581,5053,-1472,1472
0.174115,3506,4975,-1469,1469
0.173871,3488,4948,-1460,1460
0.173382,3451,4868,-1417,1417
0.171673,3325,4821,-1496,1496
0.17265,3396,4716,-1320,1320
0.171184,3289,4672,-1383,1383
0.172161,3360,4589,-1229,1229
0.170208,3219,4554,-1335,1335
0.169475,3168,4495,-1327,1327
0.168987,3134,4429,-1295,1295
0.169231,3151,4401,-1250,1250
0.167033,3000,4334,-1334,1334
0.16801,3066,4294,-1228,1228
0.167766,3050,4219,-1169,1169
0.167521,3033,4197,-1164,1164
0.167033,3000,4143,-1143,1143
0.166056,2936,4103,-1167,1167
0.1663,2952,4046,-1094,1094
0.164591,2840,4025,-1185,1185
0.164347,2825,3970,-1145,1145
0.16337,2763,3913,-1150,1150
0.16337,2763,3887,-1124,1124
0.162882,2733,3845,-1112,1112
0.162637,2717,3838,-1121,1121
0.161905,2672,3787,-1115,1115
0.162393,2702,3751,-1049,1049
0.161661,2657,3692,-1035,1035
0.162637,2717,3666,-949,949
0.16044,2584,3616,-1032,1032
0.160928,2613,3594,-981,981
0.159707,2541,3564,-1023,1023
0.159707,2541,3511,-970,970
0.158242,2456,3481,-1025,1025
0.157998,2442,3426,-984,984
0.158242,2456,3410,-954,954
0.158242,2456,3380,-924,924
0.155067,2280,3359,-1079,1079
0.156288,2346,3255,-909,909
0.155556,2306,3221,-915,915
0.154579,2254,3185,-931,931
0.155067,2280,3121,-841,841
0.15409,2228,3105,-877,877
0.155067,2280,3075,-795,795
0.153602,2202,3049,-847,847
0.15409,2228,3002,-774,774
0.153114,2177,2975,-798,798
0.153114,2177,2933,-756,756
0.152137,2127,2918,-791,791
0.152869,2164,2876,-712,712
0.15116,2077,2856,-779,779
0.15116,2077,2833,-756,756
0.149451,1993,2791,-798,798
0.150916,2065,2773,-708,708
0.150183,2029,2730,-701,701
0.150427,2041,2712,-671,671
0.149451,1993,2684,-691,691
0.149939,2017,2664,-647,647
0.148962,1970,2632,-662,662
0.149206,1981,2615,-634,634
0.147497,1900,2584,-684,684
0.147497,1900,2576,-676,676
0.147253,1889,2539,-650,650
0.14823,1935,2506,-571,571
0.146032,1833,2490,-657,657
0.146764,1866,2463,-597,597
0.145543,1811,2433,-622,622
0.147741,1912,2425,-513,513
0.144567,1768,2411,-643,643
0.147009,1878,2373,-495,495
0.145055,1789,2342,-553,553
0.144567,1768,2312,-544,544
0.143346,1715,2297,-582,582
0.143834,1736,2273,-537,537
0.142369,1673,2240,-567,567
0.143346,1715,2231,-516,516
0.143346,1715,2198,-483,483
0.14359,1725,2186,-461,461
0.142369,1673,2150,-477,477
0.141636,1642,2133,-491,491
0.141636,1642,2102,-460,460
0.141392,1632,2094,-462,462
0.141148,1622,2065,-443,443
0.140659,1602,2041,-439,439
0.140171,1582,2024,-442,442
0.140171,1582,2000,-418,418
0.139194,1543,1994,-451,451
0.140171,1582,1967,-385,385
0.139683,1563,1958,-395,395
0.139438,1553,1924,-371,371
0.138706,1524,1903,-379,379
0.138706,1524,1887,-363,363
0.137729,1486,1875,-389,389
0.135531,1403,1840,-437,437
0.136996,1458,1819,-361,361
0.137241,1467,1807,-340,340
0.137241,1467,1770,-303,303
0.136996,1458,1762,-304,304
0.136264,1430,1745,-315,315
0.136264,1430,1736,-306,306
0.134554,1368,1707,-339,339
0.136264,1430,1692,-262,262
0.135287,1394,1658,-264,264
0.134554,1368,1656,-288,288
0.133333,1324,1643,-319,319
0.134066,1350,1625,-275,275
0.133822,1341,1625,-284,284
0.134554,1368,1607,-239,239
0.132357,1290,1591,-301,301
0.135531,1403,1559,-156,156
0.131868,1273,1557,-284,284
0.133822,1341,1538,-197,197
0.132112,1282,1539,-257,257
0.132112,1282,1506,-224,224
0.132357,1290,1501,-211,211
0.131624,1265,1497,-232,232
0.131136,1249,1467,-218,218
0.130647,1232,1449,-217,217
0.131624,1265,1436,-171,171
0.130647,1232,1431,-199,199
0.132112,1282,1414,-132,132
0.129182,1184,1401,-217,217
0.130403,1224,1382,-158,158
0.12967,1200,1378,-178,178
0.129182,1184,1356,-172,172
0.129426,1192,1320,-128,128
0.129182,1184,1313,-129,129
0.128938,1176,1299,-123,123
0.127473,1130,1293,-163,163
0.129426,1192,1275,-83,83
0.127473,1130,1270,-140,140
0.129426,1192,1244,-52,52
0.127228,1122,1247,-125,125
0.127228,1122,1243,-121,121
0.127961,1145,1226,-81,81
0.126496,1100,1220,-120,120
0.126984,1115,1199,-84,84
0.126007,1085,1185,-100,100
0.127228,1122,1158,-36,36
0.125763,1078,1143,-65,65
0.12674,1107,1135,-28,28
0.125031,1056,1139,-83,83
0.126984,1115,1117,-2,2
0.125519,1071,1102,-31,31
0.125763,1078,1082,-4,4
0.123565,1013,1079,-66,66
0.124054,1027,1066,-39,39
0.123321,1006,1054,-48,48
0.123565,1013,1044,-31,31
0.124298,1035,1027,8,8
0.122344,979,1020,-41,41
0.124298,1035,1010,25,25
0.121368,952,1003,-51,51
0.122833,993,981,12,12
0.120879,939,975,-36,36
0.121856,965,954,11,11
0.1221,972,939,33,33
0.120635,932,929,3,3
0.120391,926,905,21,21
0.120879,939,906,33,33
0.120635,932,892,40,40
0.121368,952,888,64,64
0.120879,939,856,83,83
0.119902,913,851,62,62
0.120635,932,845,87,87
0.118437,875,836,39,39
0.119658,906,833,73,73
0.119902,913,824,89,89
0.119414,900,823,77,77
0.119902,913,829,84,84
0.118926,887,818,69,69
0.120147,919,792,127,127
0.118437,875,0,875,875
0.119414,900,761,139,139
0.11746,850,760,90,90
0.117705,856,752,104,104
0.116972,838,746,92,92
0.118437,875,728,147,147
0.116972,838,707,131,131
0.116972,838,700,138,138
0.117705,856,695,161,161
0.116972,838,690,148,148
0.117705,856,678,178,178
0.116239,820,682,138,138
0.116972,838,660,178,178
0.116728,832,653,179,179
0.115751,808,646,162,162
0.116484,826,638,188,188
0.11453,779,644,135,135
0.115995,814,632,182,182
0.115018,790,620,170,170
0.115995,814,631,183,183
0.114774,785,635,150,150
0.116239,820,0,820,820
0.115995,814,590,224,224
0.115507,802,591,211,211
0.114286,773,586,187,187
0.115263,796,568,228,228
0.113553,756,567,189,189
0.11453,779,568,211,211
0.11453,779,550,229,229
0.114042,767,547,220,220
0.11453,779,0,779,779
0.113309,751,0,751,751
0.11453,779,523,256,256
0.113797,762,517,245,245
0.112332,729,488,241,241
0.113309,751,480,271,271
0.112332,729,469,260,260
0.113553,756,472,284,284
0.111844,718,468,250,250
0.113065,745,457,288,288
0.112332,729,449,280,280
0.113309,751,447,304,304
0.112332,729,438,291,291
0.112821,740,424,316,316
0.110623,691,429,262,262
0.112576,734,434,300,300
0.110867,697,415,282,282
0.1116,712,407,305,305
0.111355,707,418,289,289
0.1116,712,415,297,297
0.111355,707,414,293,293
0.110623,691,416,275,275
0.112332,729,407,322,322
0.109158,660,393,267,267
0.112088,723,381,342,342
0.109158,660,379,281,281
0.111111,702,375,327,327
0.110134,681,357,324,324
0.10989,676,352,324,324
0.110134,681,354,327,327
0.109158,660,356,304,304
0.110623,691,349,342,342
0.109158,660,344,316,316
0.110379,686,345,341,341
0.109646,671,332,339,339
0.110379,686,328,358,358
0.109158,660,329,331,331
0.108181,640,332,308,308
0.108913,655,317,338,338
0.108669,650,312,338,338
0.108425,645,298,347,347
0.108425,645,295,350,350
0.108181,640,282,358,358
0.108913,655,287,368,368
0.108181,640,289,351,351
0.107204,621,285,336,336
0.107937,636,290,346,346
0.10696,616,295,321,321
0.108181,640,278,362,362
0.106716,611,274,337,337
0.107937,636,272,364,364
0.107692,631,273,358,358
0.107448,626,270,356,356
0.107937,636,249,387,387
0.10696,616,246,370,370
0.108181,640,252,388,388
0.107204,621,249,372,372
0.106716,611,245,366,366
0.106227,602,237,365,365
0.105495,588,231,357,357
0.107204,621,232,389,389
0.105983,597,222,375,375
0.106227,602,222,380,380
0.106471,607,217,390,390
0.107448,626,221,405,405
0.106227,602,219,383,383
0.106471,607,222,385,385
0.106227,602,212,390,390
0.10525,583,206,377,377
0.106471,607,193,414,414
0.105006,579,183,396,396
0.105739,593,208,385,385
0.10525,583,208,375,375
0.106227,602,205,397,397
0.104762,574,201,373,373
0.105739,593,198,395,395
0.105983,597,196,401,401
0.104762,574,199,375,375
0.104762,574,192,382,382
0.104762,574,192,382,382
0.106716,611,188,423,423
0.105006,579,188,391,391
0.10525,583,189,394,394
0.104762,574,184,390,390
0.105739,593,177,416,416
0.105006,579,173,406,406
0.104274,565,180,385,385
0.105006,579,176,403,403
0.102808,539,163,376,376
0.104762,574,168,406,406
0.104274,565,169,396,396
0.105006,579,146,433,433
0.104274,565,146,419,419
0.103785,556,148,408,408
0.104762,574,152,422,422
0.104029,561,161,400,400
0.103785,556,159,397,397
0.104518,570,147,423,423
0.102564,534,155,379,379
0.104274,565,157,408,408
0.104029,561,148,413,413
0.103297,547,140,407,407
0.103785,556,148,408,408
0.103297,547,147,400,400
0.105006,579,137,442,442
0.103053,543,128,415,415
0.103785,556,139,417,417
0.103785,556,139,417,417
0.103785,556,146,410,410
0.103785,556,148,408,408
0.104029,561,143,418,418
0.103541,552,135,417,417
0.103297,547,129,418,418
0.102808,539,139,400,400
0.102564,534,136,398,398
0.103053,543,126,417,417
0.103053,543,131,412,412
0.103785,556,137,419,419
0.10232,530,133,397,397
0.10232,530,129,401,401
0.10232,530,127,403,403
0.103785,556,114,442,442
0.102564,534,121,413,413
0.103297,547,123,424,424
0.102808,539,117,422,422
0.101099,509,111,398,398
0.103053,543,124,419,419
0.103053,543,116,427,427
0.103053,543,107,436,436
0.102808,539,112,427,427
0.101832,521,114,407,407
0.10232,530,103,427,427
0.102564,534,110,424,424
0.102076,526,114,412,412
0.103541,552,112,440,440
0.101832,521,103,418,418
0.101832,521,102,419,419
0.10232,530,100,430,430
0.102076,526,102,424,424
0.10232,530,105,425,425
0.101587,517,106,411,411
0.103297,547,100,447,447
0.101832,521,97,424,424
0.101587,517,97,420,420
0.102076,526,80,446,446
0.102076,526,86,440,440
0.102076,526,79,447,447
0.101587,517,74,443,443
0.10232,530,74,456,456
0.101587,517,82,435,435
0.101832,521,82,439,439
0.101343,513,76,437,437
0.101099,509,63,446,446
0.101343,513,70,443,443
0.100611,501,68,433,433
0.101343,513,71,442,442
0.101343,513,58,455,455
0.100855,505,55,450,450
0.101343,513,56,457,457
0.10232,530,53,477,477
0.100366,497,0,497,497
0.100366,497,54,443,443
0.101099,509,60,449,449
0.100366,497,0,497,497
0.099634,484,51,433,433
0.100855,505,56,449,449
0.100855,505,0,505,505
0.09939,480,0,480,480
0.100855,505,0,505,505
0.101099,509,0,509,509
0.100855,505,0,505,505
0.099878,488,0,488,488
0.100855,505,0,505,505
0.100366,497,0,497,497
0.100122,492,0,492,492
0.100611,501,0,501,501
0.099634,484,0,484,484
0.09939,480,0,480,480
0.099634,484,0,484,484
0.100855,505,0,505,505
0.097924,457,0,457,457
0.09939,480,0,480,480
0.09939,480,0,480,480
0.098657,469,0,469,469
0.099145,476,0,476,476
0.100366,497,0,497,497
0.100611,501,0,501,501
0.098657,469,0,469,469
0.09939,480,0,480,480
0.099145,476,0,476,476
0.098901,473,0,473,473
0.098657,469,0,469,469
0.099634,484,0,484,484
0.097924,457,0,457,457
0.099145,476,0,476,476
0.099145,476,0,476,476
0.097924,457,0,457,457
0.098169,461,0,461,461
0.09939,480,0,480,480
0.099634,484,0,484,484
0.097924,457,0,457,457
0.098901,473,0,473,473
0.098413,465,0,465,465
0.098413,465,0,465,465
0.098657,469,0,469,469
0.097924,457,0,457,457
0.098169,461,0,461,461
0.097924,457,0,457,457
0.097924,457,0,457,457
0.097924,457,0,457,457
0.098901,473,0,473,473
0.097436,449,0,449,449
0.098169,461,0,461,461
0.098901,473,0,473,473
0.098901,473,0,473,473
0.097924,457,0,457,457
<<<<<<< Updated upstream
=======
0.278877,24158,0,24158,24158
0.227106,9968,0,9968,9968
0.235653,11620,5447,6173,6173
0.241758,12939,10070,2869,2869
>>>>>>> Stashed changes
0.242002,12994,11213,1781,1781
0.2442,13502,12598,904,904
0.242002,12994,12980,14,14
0.243223,13274,13333,-59,59
0.240049,12557,13391,-834,834
0.238584,12238,13347,-1109,1109
0.238095,12133,13295,-1162,1162
0.23663,11823,13178,-1355,1355
0.237363,11977,13005,-1028,1028
0.234188,11321,12926,-1605,1605
0.235165,11519,12768,-1249,1249
0.23199,10885,12679,-1794,1794
0.23199,10885,12499,-1614,1614
0.225397,9663,12394,-2731,2731
0.229792,10464,12211,-1747,1747
0.227839,10101,12095,-1994,1994
0.226374,9836,11921,-2085,2085
0.225885,9749,11750,-2001,2001
0.223932,9408,11660,-2252,2252
0.22442,9492,11499,-2007,2007
0.222711,9200,11421,-2221,2221
0.223443,9324,11245,-1921,1921
0.221245,8955,11168,-2213,2213
0.220757,8875,10990,-2115,2115
0.219536,8677,10919,-2242,2242
0.218803,8559,10751,-2192,2192
0.217582,8367,10666,-2299,2299
0.216361,8179,10512,-2333,2333
0.215629,8068,10352,-2284,2284
0.214652,7921,10270,-2349,2349
0.213919,7813,10125,-2312,2312
0.212943,7670,10043,-2373,2373
0.212454,7600,9888,-2288,2288
0.211477,7460,9803,-2343,2343
0.210989,7392,9654,-2262,2262
0.209768,7222,9570,-2348,2348
0.208303,7023,9434,-2411,2411
0.207814,6957,9309,-2352,2352
0.207326,6892,9239,-2347,2347
0.205861,6701,9095,-2394,2394
0.204884,6575,9029,-2454,2454
0.204396,6513,8856,-2343,2343
0.203419,6391,8775,-2384,2384
0.203907,6452,8628,-2176,2176
0.202198,6241,8556,-2315,2315
0.202198,6241,8417,-2176,2176
0.201954,6211,8372,-2161,2161
0.200244,6006,8270,-2264,2264
0.200488,6035,8178,-2143,2143
0.198779,5835,8126,-2291,2291
0.198291,5779,8029,-2250,2250
0.197558,5696,7983,-2287,2287
0.197802,5724,7881,-2157,2157
0.196093,5533,7825,-2292,2292
0.196581,5587,7721,-2134,2134
0.195116,5426,7678,-2252,2252
0.19536,5452,7591,-2139,2139
0.193651,5269,7526,-2257,2257
0.193407,5243,7424,-2181,2181
0.191697,5065,7324,-2259,2259
0.191941,5090,7245,-2155,2155
0.190232,4917,7111,-2194,2194
0.19072,4966,7044,-2078,2078
0.189499,4844,6939,-2095,2095
0.189255,4820,6889,-2069,2069
0.188523,4748,6784,-2036,2036
0.187546,4654,6750,-2096,2096
0.187057,4607,6655,-2048,2048
0.186325,4538,6610,-2072,2072
0.186325,4538,6532,-1994,1994
0.181929,4142,6466,-2324,2324
0.183883,4314,6416,-2102,2102
0.182906,4227,6304,-2077,2077
0.182662,4206,6261,-2055,2055
0.182906,4227,6166,-1939,1939
0.181929,4142,6112,-1970,1970
0.182173,4163,6019,-1856,1856
0.180952,4057,5982,-1925,1925
0.18022,3995,5907,-1912,1912
0.179976,3975,5820,-1845,1845
0.179487,3934,5791,-1857,1857
0.179243,3913,5726,-1813,1813
0.178022,3813,5693,-1880,1880
0.181685,4120,5629,-1509,1509
0.178022,3813,5601,-1788,1788
0.17851,3853,5547,-1694,1694
0.176557,3695,5506,-1811,1811
0.177534,3774,5438,-1664,1664
0.17558,3619,5412,-1793,1793
0.175336,3600,5365,-1765,1765
0.174115,3506,5278,-1772,1772
0.174359,3525,5228,-1703,1703
0.172894,3414,5133,-1719,1719
0.173382,3451,5085,-1634,1634
0.17265,3396,5015,-1619,1619
0.172405,3378,4990,-1612,1612
0.172161,3360,4934,-1574,1574
0.171429,3307,4910,-1603,1603
0.171184,3289,4849,-1560,1560
0.170696,3254,4820,-1566,1566
0.170696,3254,4777,-1523,1523
0.170452,3237,4729,-1492,1492
0.169231,3151,4694,-1543,1543
0.169231,3151,4635,-1484,1484
0.168987,3134,4623,-1489,1489
0.169231,3151,4566,-1415,1415
0.168498,3100,4544,-1444,1444
0.168254,3083,4509,-1426,1426
0.167766,3050,4485,-1435,1435
0.1663,2952,4422,-1470,1470
0.1663,2952,4377,-1425,1425
0.165324,2888,4351,-1463,1463
0.164835,2856,4293,-1437,1437
0.164835,2856,4251,-1395,1395
0.164103,2809,4186,-1377,1377
0.163858,2794,4168,-1374,1374
0.16337,2763,4110,-1347,1347
0.16337,2763,4084,-1321,1321
0.162637,2717,4024,-1307,1307
0.162149,2687,3993,-1306,1306
0.161416,2643,3951,-1308,1308
0.160684,2599,3886,-1287,1287
0.159707,2541,3856,-1315,1315
0.160195,2570,3792,-1222,1222
0.15873,2484,3765,-1281,1281
0.159463,2527,3706,-1179,1179
0.158486,2470,3673,-1203,1203
0.158486,2470,3613,-1143,1143
0.157265,2401,3582,-1181,1181
0.157021,2387,3529,-1142,1142
0.156288,2346,3491,-1145,1145
0.155311,2293,3443,-1150,1150
0.155311,2293,3391,-1098,1098
0.15409,2228,3366,-1138,1138
0.15409,2228,3313,-1085,1085
0.153846,2215,3276,-1061,1061
0.153602,2202,3218,-1016,1016
0.153358,2190,3197,-1007,1007
0.152137,2127,3153,-1026,1026
0.151404,2090,3129,-1039,1039
0.151404,2090,3079,-989,989
0.15116,2077,3044,-967,967
0.151648,2102,3016,-914,914
0.150183,2029,2961,-932,932
0.15116,2077,2946,-869,869
0.149939,2017,2894,-877,877
0.149206,1981,2879,-898,898
0.150183,2029,2845,-816,816
0.14823,1935,2830,-895,895
0.148474,1946,2797,-851,851
0.14823,1935,2785,-850,850
0.146764,1866,2764,-898,898
0.147985,1923,2731,-808,808
0.146764,1866,2712,-846,846
0.147253,1889,2674,-785,785
0.146764,1866,2653,-787,787
0.146276,1844,2620,-776,776
0.145788,1822,2596,-774,774
0.145788,1822,2567,-745,745
0.145543,1811,2550,-739,739
0.145543,1811,2518,-707,707
0.144322,1757,2500,-743,743
0.144811,1778,2480,-702,702
0.14359,1725,2448,-723,723
0.143101,1704,2435,-731,731
0.143834,1736,2392,-656,656
0.142369,1673,2374,-701,701
0.143101,1704,2349,-645,645
0.142369,1673,2335,-662,662
0.140659,1602,2296,-694,694
0.141636,1642,2271,-629,629
0.141392,1632,2234,-602,602
0.140904,1612,2213,-601,601
0.141636,1642,2193,-551,551
0.140415,1592,2181,-589,589
0.140415,1592,2175,-583,583
0.140171,1582,2133,-551,551
0.139438,1553,2126,-573,573
0.139683,1563,2107,-544,544
0.138462,1514,2096,-582,582
0.139927,1572,2064,-492,492
0.138462,1514,2051,-537,537
0.13895,1533,2019,-486,486
0.138217,1505,2000,-495,495
0.137973,1495,1998,-503,503
0.137973,1495,1966,-471,471
0.136508,1440,1947,-507,507
0.137729,1486,1923,-437,437
0.13602,1421,1922,-501,501
0.136508,1440,1885,-445,445
0.134799,1377,1871,-494,494
0.135043,1385,1849,-464,464
0.134554,1368,1833,-465,465
0.133578,1333,1792,-459,459
0.133578,1333,1767,-434,434
0.133333,1324,1755,-431,431
0.133822,1341,1722,-381,381
0.131868,1273,1711,-438,438
0.133089,1316,1663,-347,347
0.13138,1257,1656,-399,399
0.131624,1265,1628,-363,363
0.130647,1232,1612,-380,380
0.130891,1240,1579,-339,339
0.127961,1145,1557,-412,412
0.129915,1208,1540,-332,332
0.130159,1216,1507,-291,291
0.128938,1176,1501,-325,325
0.128938,1176,1471,-295,295
0.128694,1169,1457,-288,288
0.127961,1145,1420,-275,275
0.128449,1161,1412,-251,251
0.127473,1130,1389,-259,259
0.126984,1115,1373,-258,258
0.126252,1093,1351,-258,258
0.125519,1071,1321,-250,250
0.12674,1107,1307,-200,200
0.125763,1078,1285,-207,207
0.125275,1063,1277,-214,214
0.125031,1056,1259,-203,203
0.124298,1035,1250,-215,215
0.125763,1078,1220,-142,142
0.124054,1027,1214,-187,187
0.123565,1013,1192,-179,179
0.12381,1020,1189,-169,169
0.122589,986,1156,-170,170
0.123321,1006,1136,-130,130
0.122833,993,1138,-145,145
0.123321,1006,1128,-122,122
0.121856,965,1110,-145,145
0.122833,993,1086,-93,93
0.120635,932,1089,-157,157
0.122344,979,1075,-96,96
0.120879,939,1069,-130,130
0.120879,939,1051,-112,112
0.121368,952,1036,-84,84
0.120635,932,1029,-97,97
0.120879,939,1012,-73,73
0.120391,926,1009,-83,83
0.120391,926,1004,-78,78
0.120391,926,988,-62,62
0.11917,893,970,-77,77
0.119414,900,966,-66,66
0.120391,926,970,-44,44
0.119902,913,961,-48,48
0.119902,913,941,-28,28
0.118437,875,935,-60,60
0.117705,856,934,-78,78
0.118681,881,903,-22,22
0.117949,862,904,-42,42
0.118193,868,891,-23,23
0.116484,826,871,-45,45
0.116972,838,849,-11,11
0.116239,820,844,-24,24
0.115995,814,833,-19,19
0.115507,802,829,-27,27
0.116239,820,814,6,6
0.115263,796,794,2,2
0.115263,796,782,14,14
0.115751,808,772,36,36
0.11453,779,782,-3,3
0.115507,802,764,38,38
0.115018,790,740,50,50
0.115018,790,738,52,52
0.114042,767,729,38,38
0.115018,790,716,74,74
0.114286,773,715,58,58
0.113553,756,706,50,50
0.113797,762,692,70,70
0.113553,756,688,68,68
0.113309,751,680,71,71
0.113553,756,665,91,91
0.112576,734,653,81,81
0.112821,740,656,84,84
0.112576,734,650,84,84
0.112821,740,643,97,97
0.110623,691,614,77,77
0.1116,712,599,113,113
0.111844,718,589,129,129
0.111355,707,586,121,121
0.111355,707,584,123,123
0.1116,712,581,131,131
0.110379,686,587,99,99
0.1116,712,0,712,712
0.110623,691,0,691,691
0.110379,686,537,149,149
0.109646,671,527,144,144
0.110134,681,0,681,681
0.109402,666,482,184,184
0.108669,650,475,175,175
0.10989,676,464,212,212
0.108669,650,461,189,189
0.108669,650,462,188,188
0.109646,671,457,214,214
0.109402,666,446,220,220
0.107692,631,441,190,190
0.108913,655,427,228,228
0.108181,640,435,205,205
0.107692,631,430,201,201
0.108669,650,421,229,229
0.107692,631,417,214,214
0.107937,636,408,228,228
0.107204,621,410,211,211
0.107937,636,409,227,227
0.108425,645,402,243,243
0.106716,611,390,221,221
0.107204,621,381,240,240
0.106716,611,367,244,244
0.106716,611,367,244,244
0.107692,631,362,269,269
0.106471,607,375,232,232
0.108181,640,382,258,258
0.107204,621,373,248,248
0.106471,607,373,234,234
0.106471,607,351,256,256
0.105983,597,350,247,247
0.105983,597,343,254,254
0.105739,593,342,251,251
0.104762,574,338,236,236
0.104762,574,321,253,253
0.104762,574,324,250,250
0.104274,565,312,253,253
0.105006,579,319,260,260
0.105006,579,297,282,282
0.104518,570,287,283,283
0.105983,597,297,300,300
0.103541,552,293,259,259
0.104274,565,271,294,294
0.104274,565,287,278,278
0.103541,552,281,271,271
0.103785,556,268,288,288
0.103541,552,256,296,296
0.103785,556,245,311,311
0.104029,561,245,316,316
0.103053,543,250,293,293
0.102808,539,257,282,282
0.103053,543,258,285,285
0.102808,539,256,283,283
0.104274,565,242,323,323
0.102564,534,250,284,284
0.10232,530,250,280,280
0.103297,547,256,291,291
0.102076,526,251,275,275
0.103053,543,244,299,299
0.102076,526,236,290,290
0.101832,521,239,282,282
0.102076,526,232,294,294
0.101587,517,225,292,292
0.103541,552,227,325,325
0.102076,526,229,297,297
0.102076,526,214,312,312
0.100855,505,205,300,300
0.101832,521,200,321,321
0.100366,497,202,295,295
0.101343,513,193,320,320
0.101099,509,176,333,333
0.101343,513,184,329,329
0.101343,513,189,324,324
0.101343,513,164,349,349
0.100611,501,158,343,343
0.100855,505,158,347,347
0.099878,488,161,327,327
0.100611,501,166,335,335
0.100366,497,171,326,326
0.100366,497,162,335,335
0.100611,501,161,340,340
0.099878,488,156,332,332
0.100855,505,150,355,355
0.100122,492,148,344,344
0.099878,488,140,348,348
0.100855,505,155,350,350
0.099634,484,164,320,320
0.100122,492,137,355,355
0.100122,492,139,353,353
0.09939,480,146,334,334
0.099634,484,140,344,344
0.099878,488,147,341,341
0.099145,476,143,333,333
0.100366,497,136,361,361
0.099145,476,132,344,344
0.098901,473,130,343,343
0.098657,469,131,338,338
0.098657,469,118,351,351
0.099145,476,111,365,365
0.098901,473,105,368,368
0.099634,484,113,371,371
0.098169,461,118,343,343
0.094994,413,105,308,308
0.098901,473,107,366,366
0.098901,473,118,355,355
0.09939,480,120,360,360
0.098901,473,119,354,354
0.098657,469,119,350,350
0.099145,476,120,356,356
0.098657,469,129,340,340
0.098413,465,0,465,465
0.098657,469,107,362,362
0.09939,480,109,371,371
0.098169,461,105,356,356
0.098413,465,99,366,366
0.098901,473,0,473,473
0.098413,465,0,465,465
0.097924,457,84,373,373
0.097924,457,0,457,457
0.098657,469,0,469,469
0.097924,457,0,457,457
0.098169,461,89,372,372
0.098413,465,0,465,465
0.098413,465,0,465,465
0.097924,457,65,392,392
0.097924,457,64,393,393
0.098657,469,0,469,469
0.097924,457,68,389,389
0.096459,434,74,360,360
0.097924,457,47,410,410
0.097436,449,0,449,449
0.097924,457,0,457,457
0.096948,442,0,442,442
0.099145,476,0,476,476
0.098413,465,0,465,465
0.098413,465,0,465,465
0.097192,446,0,446,446
0.09768,453,0,453,453
0.09768,453,0,453,453
0.098169,461,0,461,461
0.096948,442,0,442,442
0.097436,449,0,449,449
0.096948,442,0,442,442
0.098413,465,0,465,465
0.097192,446,0,446,446
0.096948,442,0,442,442
0.097924,457,0,457,457
0.09768,453,0,453,453
0.097436,449,0,449,449
0.096703,438,0,438,438
0.096948,442,0,442,442
0.097924,457,0,457,457
0.097192,446,0,446,446
0.097192,446,0,446,446
0.096703,438,0,438,438
0.097436,449,0,449,449
0.097924,457,0,457,457
0.096948,442,0,442,442
0.097192,446,0,446,446
0.096703,438,0,438,438
0.097436,449,0,449,449
0.096703,438,0,438,438
0.096459,434,0,434,434
0.096703,438,0,438,438
0.097192,446,0,446,446
0.096703,438,0,438,438
0.096948,442,0,442,442
0.096215,431,0,431,431
0.096948,442,0,442,442
0.097192,446,0,446,446
0.096459,434,0,434,434
0.096948,442,0,442,442
0.096703,438,0,438,438
0.096948,442,0,442,442
0.096948,442,0,442,442
0.096459,434,0,434,434
0.096459,434,0,434,434
0.096948,442,0,442,442
0.097192,446,0,446,446
0.09768,453,0,453,453
0.096459,434,0,434,434
0.096215,431,0,431,431
0.096459,434,0,434,434
0.096948,442,0,442,442
0.096703,438,0,438,438
0.095971,427,0,427,427
0.096215,431,0,431,431
0.096703,438,0,438,438
0.096948,442,0,442,442
0.095482,420,0,420,420
0.095971,427,0,427,427
0.095482,420,0,420,420
0.095971,427,0,427,427
0.093529,392,0,392,392
0.095238,416,0,416,416
0.095727,423,0,423,423
0.095727,423,0,423,423
0.095727,423,0,423,423
0.094994,413,0,413,413
0.095727,423,0,423,423
0.095482,420,0,420,420
0.096215,431,0,431,431
0.095727,423,0,423,423
0.094506,406,0,406,406
0.094994,413,0,413,413
0.095482,420,0,420,420
0.095971,427,0,427,427
0.095238,416,0,416,416
0.095482,420,0,420,420
0.096459,434,0,434,434
0.096459,434,0,434,434
0.094994,413,0,413,413
0.089866,343,0,343,343
0.095482,420,0,420,420
0.095727,423,0,423,423
0.095482,420,0,420,420
0.09475,409,0,409,409
0.09475,409,0,409,409
0.095238,416,0,416,416
0.095727,423,0,423,423
0.09475,409,0,409,409
0.094994,413,0,413,413
0.094994,413,0,413,413
0.095482,420,0,420,420
0.095482,420,0,420,420
0.094017,399,0,399,399
0.094506,406,0,406,406
0.09475,409,0,409,409
0.095238,416,0,416,416
0.093773,395,0,395,395
0.094261,402,0,402,402
0.094994,413,0,413,413
0.094506,406,0,406,406
0.095482,420,0,420,420
0.094017,399,0,399,399
0.094506,406,0,406,406
0.094261,402,0,402,402
0.094261,402,0,402,402
0.094994,413,0,413,413
0.094506,406,0,406,406
0.094506,406,0,406,406
0.09475,409,0,409,409
0.094506,406,0,406,406
0.095238,416,0,416,416
0.094261,402,0,402,402
0.094017,399,0,399,399
0.093773,395,0,395,395
0.094261,402,0,402,402
0.094261,402,0,402,402
0.094017,399,0,399,399
0.094017,399,0,399,399
0.094506,406,0,406,406
0.094994,413,0,413,413
0.094017,399,0,399,399
0.093773,395,0,395,395
0.091575,365,0,365,365
0.102808,539,0,539,539
0.094506,406,0,406,406
0.094017,399,0,399,399
0.093773,395,0,395,395
0.094017,399,0,399,399
0.094261,402,0,402,402
0.094261,402,0,402,402
0.094261,402,0,402,402
0.093773,395,0,395,395
0.094017,399,0,399,399
0.093529,392,0,392,392
0.094261,402,0,402,402
0.094017,399,0,399,399
0.093773,395,0,395,395
0.09304,385,0,385,385
0.093773,395,0,395,395
0.09475,409,0,409,409
0.094017,399,0,399,399
0.094017,399,0,399,399
0.093773,395,0,395,395
0.093773,395,0,395,395
0.094017,399,0,399,399
0.093773,395,0,395,395
0.093773,395,0,395,395
0.094506,406,0,406,406
0.093773,395,0,395,395
0.093284,388,0,388,388
0.093284,388,0,388,388
0.094261,402,0,402,402
0.093773,395,0,395,395
0.093284,388,0,388,388
0.09475,409,0,409,409
0.093284,388,0,388,388
0.09304,385,0,385,385
0.094017,399,0,399,399
0.093529,392,0,392,392
0.09304,385,0,385,385
0.09304,385,0,385,385
0.093773,395,0,395,395
0.094261,402,0,402,402
0.087424,313,0,313,313
0.09304,385,0,385,385
0.093773,395,0,395,395
0.093284,388,0,388,388
0.093284,388,0,388,388
0.09304,385,0,385,385
0.093773,395,0,395,395
0.093529,392,0,392,392
0.09304,385,0,385,385
0.093284,388,0,388,388
0.09304,385,0,385,385
0.09304,385,0,385,385
0.092796,382,0,382,382
0.092796,382,0,382,382
0.092796,382,0,382,382
0.092796,382,0,382,382
0.092552,378,0,378,378
0.092552,378,0,378,378
0.09304,385,0,385,385
0.092796,382,0,382,382
0.092796,382,0,382,382
0.09304,385,0,385,385
0.09304,385,0,385,385
0.092308,375,0,375,375
0.092552,378,0,378,378
0.093773,395,0,395,395
0.092552,378,0,378,378
0.092796,382,0,382,382
0.092796,382,0,382,382
0.09304,385,0,385,385
0.092552,378,0,378,378
0.092552,378,0,378,378
0.092796,382,0,382,382
0.093284,388,0,388,388
0.092552,378,0,378,378
0.092796,382,0,382,382
0.092552,378,0,378,378
0.09304,385,0,385,385
0.092308,375,0,375,375
0.092796,382,0,382,382
0.09475,409,0,409,409
0.092552,378,0,378,378
0.09304,385,0,385,385
0.09304,385,0,385,385
0.092308,375,0,375,375
0.092796,382,0,382,382
0.092552,378,0,378,378
0.092063,372,0,372,372
0.092796,382,0,382,382
0.092796,382,0,382,382
0.092796,382,0,382,382
0.092796,382,0,382,382
0.093284,388,0,388,388
0.09304,385,0,385,385
0.092552,378,0,378,378
0.092552,378,0,378,378
0.092796,382,0,382,382
0.092308,375,0,375,375
0.09304,385,0,385,385
0.093284,388,0,388,388
0.088645,328,0,328,328
0.092552,378,0,378,378
0.093529,392,0,392,392
0.092063,372,0,372,372
0.093773,395,0,395,395
0.092552,378,0,378,378
0.092552,378,0,378,378
0.092063,372,0,372,372
0.09304,385,0,385,385
0.092308,375,0,375,375
0.092552,378,0,378,378
0.092308,375,0,375,375
0.092552,378,0,378,378
0.092063,372,0,372,372
0.093284,388,0,388,388
0.09304,385,0,385,385
0.097436,449,0,449,449
0.092796,382,0,382,382
0.092552,378,0,378,378
0.092308,375,0,375,375
0.09304,385,0,385,385
0.093284,388,0,388,388
0.092796,382,0,382,382
0.092063,372,0,372,372
0.09304,385,0,385,385
0.092552,378,0,378,378
0.09304,385,0,385,385
0.092796,382,0,382,382
0.09304,385,0,385,385
0.092796,382,0,382,382
0.092796,382,0,382,382
0.092796,382,0,382,382
0.092308,375,0,375,375
0.092063,372,0,372,372
0.092552,378,0,378,378
0.092796,382,0,382,382
0.092063,372,0,372,372
0.092308,375,0,375,375
0.092308,375,0,375,375
0.092308,375,0,375,375
0.092308,375,0,375,375
0.092552,378,0,378,378
0.095971,427,0,427,427
0.092552,378,0,378,378
0.092796,382,0,382,382
0.091819,368,0,368,368
0.092796,382,0,382,382
0.092308,375,0,375,375
0.092308,375,0,375,375
0.092796,382,0,382,382
0.09304,385,0,385,385
0.092552,378,0,378,378
0.094017,399,0,399,399
0.092796,382,0,382,382
0.092552,378,0,378,378
0.092063,372,0,372,372
0.092796,382,0,382,382
0.092796,382,0,382,382
0.092063,372,0,372,372
0.093284,388,0,388,388
0.092552,378,0,378,378
0.092796,382,0,382,382
0.093529,392,0,392,392
0.092796,382,0,382,382
0.092552,378,0,378,378
0.091331,362,0,362,362
0.093529,392,0,392,392
0.091331,362,0,362,362
0.093529,392,0,392,392
0.093773,395,0,395,395
0.093284,388,0,388,388
0.09304,385,0,385,385
0.092796,382,0,382,382
0.09304,385,0,385,385
0.092063,372,0,372,372
0.092552,378,0,378,378
0.09304,385,0,385,385
0.092552,378,0,378,378
0.092308,375,0,375,375
0.092063,372,0,372,372
0.092552,378,0,378,378
0.092308,375,0,375,375
0.092063,372,0,372,372
0.092796,382,0,382,382
